0.000000000000000000e+00 2.114965770858447775e-06
1.000000000000000021e-02 2.252077466854688643e-06
2.000000000000000042e-02 2.534550414931525503e-06
2.999999999999999889e-02 2.962384615088957511e-06
4.000000000000000083e-02 3.085665405888759196e-06
5.000000000000000278e-02 1.678245210463583009e-06
5.999999999999999778e-02 -1.329279167810227299e-06
7.000000000000000666e-02 -5.556414628614533397e-06
8.000000000000000167e-02 -9.086828696834687324e-06
8.999999999999999667e-02 -1.224463464796760348e-05
1.000000000000000056e-01 -1.735362318319007429e-05
1.100000000000000006e-01 -2.073000660442758601e-05
1.199999999999999956e-01 -2.077183542656156281e-05
1.300000000000000044e-01 -2.117449969302576837e-05
1.400000000000000133e-01 -2.148770142378521043e-05
1.499999999999999944e-01 -2.010303638525793573e-05
1.600000000000000033e-01 -1.750426473313724743e-05
1.700000000000000122e-01 -1.486193001616900467e-05
1.799999999999999933e-01 -1.221178742211998394e-05
1.900000000000000022e-01 -9.548242101594840381e-06
2.000000000000000111e-01 -6.867313048592317634e-06
2.099999999999999922e-01 -4.169000263112422471e-06
2.200000000000000011e-01 -1.574778415408313812e-06
2.300000000000000100e-01 4.283638519119302284e-07
2.399999999999999911e-01 1.789505946457140875e-06
2.500000000000000000e-01 2.508647868227327976e-06
2.600000000000000089e-01 2.681902927270696302e-06
2.700000000000000178e-01 2.874569268501736879e-06
2.800000000000000266e-01 3.178991422043237627e-06
2.899999999999999800e-01 3.595169387895195583e-06
2.999999999999999889e-01 4.123103166057615404e-06
3.099999999999999978e-01 4.686106690572032936e-06
3.200000000000000067e-01 5.155974380679036752e-06
3.300000000000000155e-01 5.530707572533433595e-06
3.400000000000000244e-01 5.810306266135225158e-06
3.500000000000000333e-01 5.994770461484408901e-06
3.599999999999999867e-01 6.120567247896705275e-06
3.699999999999999956e-01 6.226393517129182156e-06
3.800000000000000044e-01 6.312257726081110043e-06
3.900000000000000133e-01 6.378159874752489782e-06
4.000000000000000222e-01 6.424099963143319679e-06
4.100000000000000311e-01 6.450077991253601428e-06
4.199999999999999845e-01 6.456277405266175455e-06
4.299999999999999933e-01 6.466058293061407375e-06
4.400000000000000022e-01 6.495687490116440409e-06
4.500000000000000111e-01 6.545164996431276252e-06
4.600000000000000200e-01 6.614490812005912362e-06
4.700000000000000289e-01 6.703664936840350434e-06
4.799999999999999822e-01 6.812687370934587926e-06
4.899999999999999911e-01 6.918235196100444852e-06
5.000000000000000000e-01 6.986815394026636121e-06
5.100000000000000089e-01 7.018164944882391372e-06
5.200000000000000178e-01 7.012283848667711451e-06
5.300000000000000266e-01 6.969172105382595513e-06
5.400000000000000355e-01 6.890883215917420700e-06
5.500000000000000444e-01 6.821308804300327796e-06
5.600000000000000533e-01 6.778162400531753459e-06
5.700000000000000622e-01 6.761444004611701075e-06
5.799999999999999600e-01 6.771153616540169799e-06
5.899999999999999689e-01 6.807291236317157936e-06
5.999999999999999778e-01 6.869856863942668027e-06
6.099999999999999867e-01 6.887632089503641306e-06
6.199999999999999956e-01 6.635726954673793531e-06
6.300000000000000044e-01 6.097631293094680264e-06
6.400000000000000133e-01 5.273345104766300658e-06
6.500000000000000222e-01 4.208787147725683947e-06
6.600000000000000311e-01 3.825175245205508101e-06
6.700000000000000400e-01 4.483099341895089733e-06
6.800000000000000488e-01 6.182559437794427996e-06
6.900000000000000577e-01 8.923555532903523738e-06
7.000000000000000666e-01 1.270608762722237781e-05
7.099999999999999645e-01 9.275860792091504613e-07
7.199999999999999734e-01 -2.010058256730648220e-05
7.299999999999999822e-01 -2.451530588191237411e-05
7.399999999999999911e-01 -2.039183403660948886e-05
7.500000000000000000e-01 -1.455794477033540342e-05
7.600000000000000089e-01 -1.019986916586973112e-05
7.700000000000000178e-01 -7.557770538707814974e-06
7.800000000000000266e-01 -5.589612832605172627e-06
7.900000000000000355e-01 -4.060553034212419156e-06
8.000000000000000444e-01 -2.822620925144602367e-06
8.100000000000000533e-01 -1.692213987229026374e-06
8.200000000000000622e-01 -6.688114979218192287e-07
8.300000000000000711e-01 2.290402270809313191e-07
8.399999999999999689e-01 9.462909739996931868e-07
8.499999999999999778e-01 1.479301023213951175e-06
8.599999999999999867e-01 1.828070374723696497e-06
8.699999999999999956e-01 2.014347083614683063e-06
8.800000000000000044e-01 2.108244028859879086e-06
8.900000000000000133e-01 2.115085040424921095e-06
9.000000000000000222e-01 2.034870118309808667e-06
9.100000000000000311e-01 2.145226964240494886e-06
9.200000000000000400e-01 2.297125310863559100e-06
9.300000000000000488e-01 2.386564946820629500e-06
9.400000000000000577e-01 2.413545872111705663e-06
9.500000000000000666e-01 2.378068086736788437e-06
9.599999999999999645e-01 2.280131590695878244e-06
9.699999999999999734e-01 2.160390321308887966e-06
9.799999999999999822e-01 2.092200413310236163e-06
9.899999999999999911e-01 2.077058896493422908e-06
1.000000000000000000e+00 2.114965770858447775e-06
