46 44 45
46 380 44
44 30 45
30 44 380
380 511 30
31 30 28
28 30 511
29 511 380
31 28 486
511 29 28
28 485 486
28 29 27
15 28 27
15 485 28
29 16 27
27 16 15
15 16 14
13 470 15
14 13 15
23 14 16
371 470 13
13 480 371
13 14 23
480 13 21
23 22 13
21 13 22
489 480 21
23 9 22
21 22 9
37 36 21
9 37 21
36 490 21
21 490 489
52 37 9
36 37 52
362 490 36
362 489 490
50 384 36
36 384 362
52 51 36
52 1 51
50 36 51
50 51 1
32 30 31
486 32 31
486 356 32
377 485 15
486 485 377
486 377 494
15 470 377
377 375 494
377 376 375
371 377 470
371 376 377
480 489 371
375 376 370
371 489 369
360 489 362
370 376 371
369 489 361
361 489 360
370 371 369
344 360 362
369 361 370
360 344 361
362 343 344
362 345 343
384 345 362
50 345 384
95 430 3
140 430 95
95 434 140
434 95 433
156 140 434
156 434 433
157 140 156
142 140 157
433 437 156
436 437 433
158 157 156
157 158 142
156 437 161
156 162 158
161 437 436
156 161 162
163 158 162
436 441 161
162 161 163
161 173 163
436 7 441
172 161 441
172 173 161
7 172 441
174 163 173
173 172 174
446 172 7
174 172 194
172 446 193
194 172 193
174 194 195
193 195 194
445 446 7
445 525 540
193 446 445
445 540 193
189 540 525
411 443 525
525 443 189
193 540 189
198 195 193
183 443 411
411 414 183
198 193 189
414 411 413
183 189 443
187 199 189
202 211 199
211 195 199
189 199 198
199 195 198
183 187 189
414 180 183
199 201 202
188 199 187
180 414 413
188 187 183
180 181 183
201 199 188
200 202 201
413 179 180
413 178 179
183 181 188
201 188 200
182 188 181
182 181 180
200 188 415
180 179 152
152 179 178
415 188 182
415 218 200
182 218 415
449 174 195
207 449 195
195 211 207
429 431 137
429 432 431
137 431 153
432 429 461
153 431 432
153 154 137
432 461 239
432 435 153
238 432 237
239 237 432
238 435 432
137 154 139
155 154 153
153 435 159
153 160 155
238 237 232
237 239 232
159 435 238
159 160 153
139 154 155
232 230 238
238 440 159
155 160 6
238 230 231
231 440 238
440 170 159
159 6 160
231 230 214
214 230 232
170 440 231
159 170 171
171 6 159
214 212 231
231 213 444
170 231 444
212 213 231
5 171 170
190 170 444
5 6 171
214 206 212
444 213 190
213 212 206
170 191 5
191 170 190
512 190 213
206 204 213
205 512 213
213 204 205
203 204 206
191 192 5
192 191 190
190 512 186
205 204 203
190 196 192
190 186 196
186 512 205
205 216 217
203 216 205
215 216 203
205 442 186
217 442 205
217 216 215
192 196 197
197 196 186
186 442 177
177 442 217
215 221 217
186 184 197
184 186 177
217 412 177
217 222 412
221 222 217
185 184 177
184 185 197
177 412 167
167 175 177
177 175 185
176 175 167
176 185 175
167 412 222
428 429 137
116 123 118
116 122 123
137 122 428
124 118 123
124 123 122
137 138 122
122 138 124
139 138 137
139 124 138
542 257 249
400 257 255
257 259 249
474 255 265
396 400 255
260 257 400
259 257 260
249 259 146
250 226 249
224 226 225
265 472 474
255 474 396
146 250 249
250 169 226
260 400 396
146 259 260
146 169 250
457 223 226
169 457 226
226 223 225
474 472 396
395 260 396
146 260 144
396 472 507
507 115 396
396 115 395
168 169 146
145 146 144
222 223 457
169 222 457
260 395 130
144 260 130
168 146 145
438 222 169
507 472 101
438 169 164
101 115 507
395 115 130
130 145 144
164 169 168
113 115 101
115 128 130
145 164 168
222 438 167
438 164 167
115 113 129
129 128 115
145 130 481
145 487 164
164 165 167
114 113 101
130 128 4
145 481 482
482 487 145
114 129 113
129 4 128
4 481 130
164 487 166
166 165 164
167 165 176
482 481 4
166 487 482
166 176 165
221 223 222
215 223 221
225 220 224
215 416 417
417 223 215
416 220 417
223 417 220
220 225 223
133 134 136
132 134 133
136 134 135
133 131 132
133 516 131
134 132 135
107 131 516
107 132 131
516 538 107
493 132 107
516 475 538
107 538 104
107 286 493
104 105 107
105 286 107
104 538 475
475 103 104
104 106 105
105 106 286
102 103 475
80 104 103
394 106 104
394 104 80
285 286 106
80 103 102
394 297 106
283 286 285
102 535 80
80 297 394
297 296 106
283 285 284
285 106 284
80 535 69
81 297 80
143 535 102
284 106 296
473 283 284
80 69 81
69 535 143
81 82 297
298 284 296
283 473 266
298 296 297
82 81 69
70 69 64
69 70 82
473 284 289
401 284 298
297 82 309
298 297 309
71 82 70
266 473 289
289 284 401
299 401 298
82 308 309
298 309 308
64 71 70
496 82 71
401 299 289
298 476 299
496 308 82
65 71 64
71 328 496
308 476 298
403 71 66
403 328 71
66 71 65
319 476 308
476 319 299
496 328 308
333 403 66
308 328 327
308 327 319
333 328 403
63 386 66
389 390 63
65 63 66
64 63 65
389 63 64
390 389 391
391 389 64
64 532 391
69 532 64
143 391 532
143 532 69
63 390 62
62 38 63
390 61 62
38 62 61
61 530 38
38 24 39
530 24 38
522 530 61
24 40 39
24 530 522
25 40 24
522 528 24
528 17 24
26 40 25
24 17 25
528 522 506
25 17 26
17 528 506
26 17 18
26 18 20
18 17 19
19 17 527
506 527 17
18 19 20
527 506 378
19 527 378
19 33 20
34 33 19
34 19 529
378 529 19
20 33 35
378 0 529
35 33 34
34 41 35
41 43 35
0 477 531
0 531 34
34 529 0
42 531 477
11 381 477
42 34 531
477 381 42
41 34 42
43 41 42
48 381 11
42 381 48
422 11 12
42 47 43
11 422 48
42 48 47
47 49 43
57 422 12
48 422 57
49 47 48
12 533 57
57 56 48
48 56 49
58 56 57
58 49 56
261 283 282
283 261 508
261 399 508
261 398 399
261 248 398
398 246 399
248 246 398
399 246 397
247 246 248
243 247 248
248 515 243
135 397 246
247 151 246
246 478 135
151 247 243
246 151 478
515 245 243
510 151 243
243 245 244
135 478 149
234 510 243
149 478 151
151 510 456
244 234 243
135 149 147
151 150 149
151 456 150
234 456 510
224 244 245
234 244 224
455 234 218
455 456 234
224 233 234
218 234 233
148 147 149
135 147 136
149 150 152
152 150 456
456 455 182
224 220 233
149 539 148
152 539 149
456 439 152
182 455 218
456 182 439
220 218 233
136 147 148
219 218 220
148 539 178
178 539 152
439 180 152
200 218 219
180 439 182
543 226 224
226 543 249
245 543 224
249 543 245
255 257 256
245 542 249
263 264 255
257 542 258
258 256 257
255 256 263
266 264 263
245 258 542
263 282 266
245 515 258
256 258 263
263 258 262
261 282 263
258 515 248
263 262 261
248 262 258
262 248 261
266 282 283
508 286 283
286 508 399
399 493 286
399 132 493
399 397 132
132 397 135
219 416 200
219 220 416
452 416 215
200 416 447
416 448 447
452 448 416
203 452 215
200 447 202
203 448 452
202 447 448
448 541 209
541 448 203
448 498 202
209 498 448
209 541 206
206 541 203
207 498 209
202 498 207
206 451 209
209 208 207
207 211 202
209 451 450
450 208 209
214 451 206
207 208 210
450 451 214
210 208 450
449 207 210
214 454 450
450 454 229
450 228 210
450 229 228
210 228 227
227 453 210
453 174 210
210 174 449
227 228 229
459 241 229
453 227 163
163 174 453
229 235 227
235 229 241
239 241 459
163 227 458
236 227 235
241 236 235
254 241 239
241 254 242
236 458 227
163 458 158
241 242 240
240 236 241
271 254 239
254 271 242
158 458 236
251 236 240
242 251 240
271 239 461
242 271 270
460 236 251
158 236 460
242 252 251
242 270 253
253 252 242
251 252 267
465 277 253
272 465 253
253 270 272
253 277 268
253 268 267
267 252 253
460 251 142
142 158 460
229 454 232
232 454 214
232 459 229
239 459 232
419 277 467
419 467 281
277 465 275
275 467 277
281 467 275
272 275 465
272 270 271
275 279 281
271 463 272
275 272 273
461 429 271
280 279 275
280 275 273
271 429 463
272 274 273
463 274 272
273 274 280
274 463 429
274 429 428
274 426 280
280 426 116
274 122 426
428 122 274
116 426 122
357 483 359
359 483 523
361 523 483
483 526 361
361 344 523
526 483 368
526 370 361
370 526 368
368 513 370
372 373 368
373 513 368
370 513 375
363 373 372
513 373 375
373 364 365
364 373 363
365 374 373
375 373 374
375 374 355
494 375 355
365 364 352
352 364 363
355 374 365
486 494 355
365 353 354
352 353 365
363 488 352
355 365 524
349 356 355
355 356 486
355 524 349
365 354 524
346 353 352
352 488 35
346 352 492
352 35 492
354 353 346
32 356 349
524 354 349
346 492 43
346 347 354
349 350 32
349 338 350
349 354 383
354 347 348
346 382 335
335 347 346
43 382 346
383 338 349
383 354 348
348 347 335
338 383 348
338 469 325
348 469 338
336 337 348
337 469 348
469 337 325
348 335 336
336 335 323
325 337 519
323 337 336
519 315 325
519 337 310
337 324 310
323 324 337
519 310 315
35 43 492
20 488 363
35 488 20
363 479 20
367 363 372
367 479 363
367 372 368
20 479 26
368 366 367
26 479 367
368 483 366
367 484 26
484 367 358
367 366 358
366 483 358
484 40 26
358 483 357
40 484 358
359 342 357
357 342 358
358 491 40
358 342 491
385 40 491
385 491 342
39 40 385
342 405 385
405 342 333
66 405 333
385 38 39
385 405 66
385 386 38
385 66 386
38 386 63
43 49 382
335 382 49
49 468 335
58 468 49
335 468 323
468 58 323
312 324 323
310 324 312
118 117 116
109 423 116
116 423 280
116 117 109
118 10 117
109 117 10
280 423 295
295 423 109
10 108 109
280 295 279
109 407 295
109 108 93
108 10 94
295 407 408
93 407 109
295 281 279
93 108 94
408 407 93
93 503 408
408 294 295
294 281 295
94 92 93
84 503 93
293 294 408
93 92 84
408 503 305
305 306 408
408 306 293
293 281 294
94 85 92
293 420 281
305 503 84
84 92 85
307 306 305
306 307 293
281 420 419
290 420 293
84 501 305
85 83 84
305 314 307
73 501 84
305 313 314
501 313 305
293 307 520
293 520 290
84 83 73
85 8 83
313 501 73
73 497 313
419 420 290
83 8 73
307 314 315
315 314 313
307 302 520
520 302 290
514 307 315
313 326 315
514 302 307
514 315 310
514 310 302
45 53 46
54 45 421
54 53 45
55 46 53
421 340 54
340 497 54
54 55 53
72 55 54
54 497 73
72 8 55
73 72 54
73 8 72
313 497 340
340 326 313
421 45 351
45 30 379
351 340 421
325 315 326
379 30 32
45 379 351
351 379 32
325 326 340
339 340 351
350 351 32
340 339 325
339 351 338
339 338 325
338 351 350
291 292 278
292 418 278
466 278 112
112 278 418
98 418 292
304 292 303
292 504 98
292 304 504
304 303 302
466 112 121
98 112 418
302 311 304
121 112 120
88 98 504
88 504 304
110 112 98
88 96 98
502 304 312
304 502 88
304 311 312
302 310 311
111 120 112
97 98 96
112 110 111
110 98 97
87 96 88
502 312 76
502 76 88
312 311 310
111 110 97
87 97 96
88 86 87
76 312 499
88 76 86
87 536 97
58 76 499
323 499 312
97 409 111
97 536 537
87 86 75
323 58 499
74 76 58
75 86 76
111 409 410
537 409 97
518 536 87
75 534 87
57 74 58
75 76 74
410 409 537
87 534 518
536 518 537
517 534 75
75 74 57
517 518 534
75 533 517
57 533 75
517 533 12
464 267 269
466 121 269
251 267 462
269 121 464
267 464 127
251 462 142
127 462 267
464 121 127
462 127 142
410 425 111
120 119 121
111 119 120
425 410 424
121 119 126
126 127 121
142 127 141
119 111 425
126 119 125
125 127 126
141 140 142
119 425 424
141 127 125
424 427 119
427 125 119
125 140 141
430 140 125
427 424 3
125 427 3
3 430 125
278 419 291
269 278 466
276 419 278
276 278 269
269 267 268
277 276 269
276 277 419
269 268 277
291 290 292
290 303 292
290 302 303
291 419 290
114 99 100
101 99 114
100 99 89
99 101 89
89 90 100
89 101 505
91 100 90
89 77 90
101 472 505
77 89 393
89 505 392
77 91 90
392 393 89
505 472 392
78 91 77
77 393 322
392 472 471
79 91 78
322 500 77
77 67 78
393 392 322
67 77 500
392 402 322
471 288 392
471 472 265
79 78 67
320 500 322
392 288 402
67 68 79
79 68 2
320 67 500
322 321 320
322 402 301
265 288 471
68 67 59
495 67 320
301 321 322
301 402 288
265 287 288
59 67 495
2 68 59
320 321 318
288 300 301
266 287 265
320 387 495
301 318 321
318 509 320
287 289 288
288 289 300
495 387 59
509 387 320
521 318 301
300 299 301
266 289 287
59 387 388
59 388 50
509 318 316
301 299 521
289 299 300
388 387 345
388 345 50
387 509 316
319 318 521
316 318 317
345 387 404
316 404 387
317 318 319
299 319 521
329 316 317
345 404 330
404 316 330
330 343 345
317 319 329
331 316 329
330 316 331
330 344 343
329 334 331
330 331 334
406 344 330
334 406 330
344 406 359
332 334 329
334 359 406
59 60 2
1 2 60
1 60 50
59 50 60
265 255 264
265 264 266
328 332 329
332 328 333
329 327 328
329 319 327
334 341 359
333 334 332
341 342 359
333 341 334
333 342 341
359 523 344
