-9.808000000000000745e-03 1.951000000000000043e-03 1.000000000000000021e-02
-7.071000000000000028e-03 -7.071000000000000028e-03 -1.000000000000000021e-02
-5.556000000000000175e-03 -8.314999999999999475e-03 -1.000000000000000021e-02
3.827000000000000107e-03 9.239000000000000684e-03 1.000000000000000021e-02
5.556000000000000175e-03 -8.314999999999999475e-03 -1.000000000000000021e-02
9.239000000000000684e-03 3.827000000000000107e-03 -1.000000000000000021e-02
8.314999999999999475e-03 5.556000000000000175e-03 -1.000000000000000021e-02
9.239000000000000684e-03 3.827000000000000107e-03 1.000000000000000021e-02
-5.556000000000000175e-03 8.314999999999999475e-03 -1.000000000000000021e-02
-9.239000000000000684e-03 -3.827000000000000107e-03 -1.000000000000000021e-02
0.000000000000000000e+00 1.000000000000000021e-02 -1.000000000000000021e-02
-8.314999999999999475e-03 5.556000000000000175e-03 1.000000000000000021e-02
-7.071000000000000028e-03 7.071000000000000028e-03 1.000000000000000021e-02
-9.808000000000000745e-03 -1.951000000000000043e-03 -7.499999999999999722e-03
-9.903999999999999609e-03 -9.749999999999999552e-04 -8.750000000000000833e-03
-1.000000000000000021e-02 0.000000000000000000e+00 -7.499999999999999722e-03
-1.000000000000000021e-02 0.000000000000000000e+00 -1.000000000000000021e-02
-9.808000000000000745e-03 -1.951000000000000043e-03 7.499999999999999722e-03
-9.903999999999999609e-03 -9.749999999999999552e-04 6.250000000000000347e-03
-1.000000000000000021e-02 0.000000000000000000e+00 7.499999999999999722e-03
-1.000000000000000021e-02 0.000000000000000000e+00 5.000000000000000104e-03
-9.239000000000000684e-03 -3.827000000000000107e-03 -7.499999999999999722e-03
-9.523000000000000215e-03 -2.889000000000000075e-03 -8.750000000000000833e-03
-9.808000000000000745e-03 -1.951000000000000043e-03 -1.000000000000000021e-02
-9.239000000000000684e-03 -3.827000000000000107e-03 7.499999999999999722e-03
-9.523000000000000215e-03 -2.889000000000000075e-03 6.250000000000000347e-03
-9.808000000000000745e-03 -1.951000000000000043e-03 5.000000000000000104e-03
-9.903999999999999609e-03 9.749999999999999552e-04 -8.750000000000000833e-03
-9.808000000000000745e-03 1.951000000000000043e-03 -7.499999999999999722e-03
-9.808000000000000745e-03 1.951000000000000043e-03 -1.000000000000000021e-02
-9.239000000000000684e-03 3.827000000000000107e-03 -7.499999999999999722e-03
-9.523000000000000215e-03 2.889000000000000075e-03 -6.250000000000000347e-03
-9.239000000000000684e-03 3.827000000000000107e-03 -5.000000000000000104e-03
-9.903999999999999609e-03 9.749999999999999552e-04 6.250000000000000347e-03
-9.808000000000000745e-03 1.951000000000000043e-03 7.499999999999999722e-03
-9.808000000000000745e-03 1.951000000000000043e-03 5.000000000000000104e-03
-8.314999999999999475e-03 -5.556000000000000175e-03 -7.499999999999999722e-03
-8.777000000000000079e-03 -4.690999999999999857e-03 -8.750000000000000833e-03
-8.314999999999999475e-03 -5.556000000000000175e-03 7.499999999999999722e-03
-8.777000000000000079e-03 -4.690999999999999857e-03 6.250000000000000347e-03
-9.239000000000000684e-03 -3.827000000000000107e-03 5.000000000000000104e-03
-9.523000000000000215e-03 2.889000000000000075e-03 6.250000000000000347e-03
-9.239000000000000684e-03 3.827000000000000107e-03 7.499999999999999722e-03
-9.239000000000000684e-03 3.827000000000000107e-03 5.000000000000000104e-03
-8.777000000000000079e-03 4.690999999999999857e-03 -8.750000000000000833e-03
-8.314999999999999475e-03 5.556000000000000175e-03 -7.499999999999999722e-03
-8.314999999999999475e-03 5.556000000000000175e-03 -1.000000000000000021e-02
-8.777000000000000079e-03 4.690999999999999857e-03 6.250000000000000347e-03
-8.314999999999999475e-03 5.556000000000000175e-03 7.499999999999999722e-03
-8.314999999999999475e-03 5.556000000000000175e-03 5.000000000000000104e-03
-7.071000000000000028e-03 -7.071000000000000028e-03 -7.499999999999999722e-03
-7.693000000000000185e-03 -6.313000000000000035e-03 -8.750000000000000833e-03
-8.314999999999999475e-03 -5.556000000000000175e-03 -1.000000000000000021e-02
-7.693000000000000185e-03 6.313000000000000035e-03 -8.750000000000000833e-03
-7.071000000000000028e-03 7.071000000000000028e-03 -7.499999999999999722e-03
-7.071000000000000028e-03 7.071000000000000028e-03 -1.000000000000000021e-02
-7.693000000000000185e-03 6.313000000000000035e-03 6.250000000000000347e-03
-7.071000000000000028e-03 7.071000000000000028e-03 7.499999999999999722e-03
-7.071000000000000028e-03 7.071000000000000028e-03 5.000000000000000104e-03
-5.556000000000000175e-03 -8.314999999999999475e-03 -7.499999999999999722e-03
-6.313000000000000035e-03 -7.693000000000000185e-03 -8.750000000000000833e-03
-8.314999999999999475e-03 -5.556000000000000175e-03 1.000000000000000021e-02
-7.693000000000000185e-03 -6.313000000000000035e-03 8.750000000000000833e-03
-7.071000000000000028e-03 -7.071000000000000028e-03 7.499999999999999722e-03
-5.556000000000000175e-03 -8.314999999999999475e-03 7.499999999999999722e-03
-6.313000000000000035e-03 -7.693000000000000185e-03 6.250000000000000347e-03
-7.071000000000000028e-03 -7.071000000000000028e-03 5.000000000000000104e-03
-3.827000000000000107e-03 -9.239000000000000684e-03 -7.499999999999999722e-03
-4.690999999999999857e-03 -8.777000000000000079e-03 -8.750000000000000833e-03
-3.827000000000000107e-03 -9.239000000000000684e-03 7.499999999999999722e-03
-4.690999999999999857e-03 -8.777000000000000079e-03 6.250000000000000347e-03
-5.556000000000000175e-03 -8.314999999999999475e-03 5.000000000000000104e-03
-6.313000000000000035e-03 7.693000000000000185e-03 -8.750000000000000833e-03
-5.556000000000000175e-03 8.314999999999999475e-03 -7.499999999999999722e-03
-6.313000000000000035e-03 7.693000000000000185e-03 6.250000000000000347e-03
-5.556000000000000175e-03 8.314999999999999475e-03 7.499999999999999722e-03
-5.556000000000000175e-03 8.314999999999999475e-03 5.000000000000000104e-03
-1.951000000000000043e-03 -9.808000000000000745e-03 -7.499999999999999722e-03
-2.889000000000000075e-03 -9.523000000000000215e-03 -8.750000000000000833e-03
-3.827000000000000107e-03 -9.239000000000000684e-03 -1.000000000000000021e-02
-1.951000000000000043e-03 -9.808000000000000745e-03 7.499999999999999722e-03
-2.889000000000000075e-03 -9.523000000000000215e-03 6.250000000000000347e-03
-3.827000000000000107e-03 -9.239000000000000684e-03 5.000000000000000104e-03
-4.690999999999999857e-03 8.777000000000000079e-03 -8.750000000000000833e-03
-3.827000000000000107e-03 9.239000000000000684e-03 -7.499999999999999722e-03
-3.827000000000000107e-03 9.239000000000000684e-03 -1.000000000000000021e-02
-4.690999999999999857e-03 8.777000000000000079e-03 6.250000000000000347e-03
-3.827000000000000107e-03 9.239000000000000684e-03 7.499999999999999722e-03
-3.827000000000000107e-03 9.239000000000000684e-03 5.000000000000000104e-03
-0.000000000000000000e+00 -1.000000000000000021e-02 -7.499999999999999722e-03
-9.749999999999999552e-04 -9.903999999999999609e-03 -8.750000000000000833e-03
-1.951000000000000043e-03 -9.808000000000000745e-03 -1.000000000000000021e-02
-2.889000000000000075e-03 9.523000000000000215e-03 -8.750000000000000833e-03
-1.951000000000000043e-03 9.808000000000000745e-03 -7.499999999999999722e-03
-1.951000000000000043e-03 9.808000000000000745e-03 -1.000000000000000021e-02
5.556000000000000175e-03 8.314999999999999475e-03 1.000000000000000021e-02
-2.889000000000000075e-03 9.523000000000000215e-03 6.250000000000000347e-03
-1.951000000000000043e-03 9.808000000000000745e-03 7.499999999999999722e-03
-1.951000000000000043e-03 9.808000000000000745e-03 5.000000000000000104e-03
9.749999999999999552e-04 -9.903999999999999609e-03 -8.750000000000000833e-03
-0.000000000000000000e+00 -1.000000000000000021e-02 -1.000000000000000021e-02
1.951000000000000043e-03 -9.808000000000000745e-03 -7.499999999999999722e-03
-1.951000000000000043e-03 -9.808000000000000745e-03 1.000000000000000021e-02
-9.749999999999999552e-04 -9.903999999999999609e-03 8.750000000000000833e-03
-0.000000000000000000e+00 -1.000000000000000021e-02 7.499999999999999722e-03
9.749999999999999552e-04 -9.903999999999999609e-03 6.250000000000000347e-03
-0.000000000000000000e+00 -1.000000000000000021e-02 5.000000000000000104e-03
1.951000000000000043e-03 -9.808000000000000745e-03 7.499999999999999722e-03
-9.749999999999999552e-04 9.903999999999999609e-03 -8.750000000000000833e-03
0.000000000000000000e+00 1.000000000000000021e-02 -7.499999999999999722e-03
-9.749999999999999552e-04 9.903999999999999609e-03 6.250000000000000347e-03
0.000000000000000000e+00 1.000000000000000021e-02 7.499999999999999722e-03
0.000000000000000000e+00 1.000000000000000021e-02 5.000000000000000104e-03
2.889000000000000075e-03 -9.523000000000000215e-03 -8.750000000000000833e-03
1.951000000000000043e-03 -9.808000000000000745e-03 -1.000000000000000021e-02
3.827000000000000107e-03 -9.239000000000000684e-03 -7.499999999999999722e-03
1.951000000000000043e-03 9.808000000000000745e-03 -7.499999999999999722e-03
9.749999999999999552e-04 9.903999999999999609e-03 -8.750000000000000833e-03
1.951000000000000043e-03 9.808000000000000745e-03 -1.000000000000000021e-02
1.951000000000000043e-03 9.808000000000000745e-03 7.499999999999999722e-03
9.749999999999999552e-04 9.903999999999999609e-03 6.250000000000000347e-03
1.951000000000000043e-03 9.808000000000000745e-03 5.000000000000000104e-03
3.827000000000000107e-03 9.239000000000000684e-03 -7.499999999999999722e-03
2.889000000000000075e-03 9.523000000000000215e-03 -8.750000000000000833e-03
3.827000000000000107e-03 9.239000000000000684e-03 -1.000000000000000021e-02
3.827000000000000107e-03 9.239000000000000684e-03 7.499999999999999722e-03
2.889000000000000075e-03 9.523000000000000215e-03 6.250000000000000347e-03
3.827000000000000107e-03 9.239000000000000684e-03 5.000000000000000104e-03
4.690999999999999857e-03 -8.777000000000000079e-03 -8.750000000000000833e-03
3.827000000000000107e-03 -9.239000000000000684e-03 -1.000000000000000021e-02
5.556000000000000175e-03 -8.314999999999999475e-03 -7.499999999999999722e-03
2.889000000000000075e-03 -9.523000000000000215e-03 8.750000000000000833e-03
3.827000000000000107e-03 -9.239000000000000684e-03 7.499999999999999722e-03
3.827000000000000107e-03 -9.239000000000000684e-03 1.000000000000000021e-02
4.690999999999999857e-03 -8.777000000000000079e-03 8.750000000000000833e-03
5.556000000000000175e-03 -8.314999999999999475e-03 7.499999999999999722e-03
5.556000000000000175e-03 -8.314999999999999475e-03 1.000000000000000021e-02
5.556000000000000175e-03 8.314999999999999475e-03 -7.499999999999999722e-03
4.690999999999999857e-03 8.777000000000000079e-03 -8.750000000000000833e-03
5.556000000000000175e-03 8.314999999999999475e-03 -1.000000000000000021e-02
5.556000000000000175e-03 8.314999999999999475e-03 7.499999999999999722e-03
4.690999999999999857e-03 8.777000000000000079e-03 6.250000000000000347e-03
5.556000000000000175e-03 8.314999999999999475e-03 5.000000000000000104e-03
-3.827000000000000107e-03 -9.239000000000000684e-03 1.000000000000000021e-02
6.313000000000000035e-03 -7.693000000000000185e-03 -6.250000000000000347e-03
7.071000000000000028e-03 -7.071000000000000028e-03 -7.499999999999999722e-03
7.071000000000000028e-03 -7.071000000000000028e-03 -5.000000000000000104e-03
6.313000000000000035e-03 -7.693000000000000185e-03 8.750000000000000833e-03
7.071000000000000028e-03 -7.071000000000000028e-03 1.000000000000000021e-02
7.071000000000000028e-03 -7.071000000000000028e-03 7.499999999999999722e-03
7.693000000000000185e-03 -6.313000000000000035e-03 6.250000000000000347e-03
7.071000000000000028e-03 -7.071000000000000028e-03 5.000000000000000104e-03
8.314999999999999475e-03 -5.556000000000000175e-03 7.499999999999999722e-03
7.071000000000000028e-03 7.071000000000000028e-03 -7.499999999999999722e-03
6.313000000000000035e-03 7.693000000000000185e-03 -8.750000000000000833e-03
7.071000000000000028e-03 7.071000000000000028e-03 -1.000000000000000021e-02
7.071000000000000028e-03 7.071000000000000028e-03 7.499999999999999722e-03
6.313000000000000035e-03 7.693000000000000185e-03 6.250000000000000347e-03
7.071000000000000028e-03 7.071000000000000028e-03 5.000000000000000104e-03
8.314999999999999475e-03 5.556000000000000175e-03 -7.499999999999999722e-03
7.693000000000000185e-03 6.313000000000000035e-03 -8.750000000000000833e-03
8.314999999999999475e-03 5.556000000000000175e-03 7.499999999999999722e-03
7.693000000000000185e-03 6.313000000000000035e-03 6.250000000000000347e-03
8.314999999999999475e-03 5.556000000000000175e-03 5.000000000000000104e-03
8.314999999999999475e-03 -5.556000000000000175e-03 -7.499999999999999722e-03
8.777000000000000079e-03 -4.690999999999999857e-03 -8.750000000000000833e-03
8.314999999999999475e-03 -5.556000000000000175e-03 -1.000000000000000021e-02
9.239000000000000684e-03 -3.827000000000000107e-03 -7.499999999999999722e-03
7.693000000000000185e-03 -6.313000000000000035e-03 -6.250000000000000347e-03
8.314999999999999475e-03 -5.556000000000000175e-03 -5.000000000000000104e-03
9.239000000000000684e-03 3.827000000000000107e-03 -7.499999999999999722e-03
8.777000000000000079e-03 4.690999999999999857e-03 -8.750000000000000833e-03
9.239000000000000684e-03 3.827000000000000107e-03 7.499999999999999722e-03
8.777000000000000079e-03 4.690999999999999857e-03 6.250000000000000347e-03
9.239000000000000684e-03 3.827000000000000107e-03 5.000000000000000104e-03
9.523000000000000215e-03 -2.889000000000000075e-03 -8.750000000000000833e-03
9.239000000000000684e-03 -3.827000000000000107e-03 -1.000000000000000021e-02
9.808000000000000745e-03 -1.951000000000000043e-03 -7.499999999999999722e-03
8.314999999999999475e-03 -5.556000000000000175e-03 1.000000000000000021e-02
8.777000000000000079e-03 -4.690999999999999857e-03 8.750000000000000833e-03
9.239000000000000684e-03 -3.827000000000000107e-03 7.499999999999999722e-03
9.523000000000000215e-03 -2.889000000000000075e-03 6.250000000000000347e-03
9.239000000000000684e-03 -3.827000000000000107e-03 5.000000000000000104e-03
9.808000000000000745e-03 -1.951000000000000043e-03 7.499999999999999722e-03
9.903999999999999609e-03 -9.749999999999999552e-04 -8.750000000000000833e-03
9.808000000000000745e-03 -1.951000000000000043e-03 -1.000000000000000021e-02
1.000000000000000021e-02 -0.000000000000000000e+00 -7.499999999999999722e-03
9.903999999999999609e-03 -9.749999999999999552e-04 6.250000000000000347e-03
9.808000000000000745e-03 -1.951000000000000043e-03 5.000000000000000104e-03
1.000000000000000021e-02 -0.000000000000000000e+00 7.499999999999999722e-03
9.808000000000000745e-03 1.951000000000000043e-03 -7.499999999999999722e-03
9.523000000000000215e-03 2.889000000000000075e-03 -8.750000000000000833e-03
9.808000000000000745e-03 1.951000000000000043e-03 -1.000000000000000021e-02
9.808000000000000745e-03 1.951000000000000043e-03 7.499999999999999722e-03
9.523000000000000215e-03 2.889000000000000075e-03 6.250000000000000347e-03
9.808000000000000745e-03 1.951000000000000043e-03 5.000000000000000104e-03
9.903999999999999609e-03 9.749999999999999552e-04 -8.750000000000000833e-03
1.000000000000000021e-02 -0.000000000000000000e+00 -1.000000000000000021e-02
9.903999999999999609e-03 9.749999999999999552e-04 6.250000000000000347e-03
1.000000000000000021e-02 -0.000000000000000000e+00 5.000000000000000104e-03
9.808000000000000745e-03 -1.951000000000000043e-03 2.500000000000000052e-03
9.903999999999999609e-03 -9.749999999999999552e-04 3.749999999999999861e-03
1.000000000000000021e-02 -0.000000000000000000e+00 2.500000000000000052e-03
1.000000000000000021e-02 -0.000000000000000000e+00 -2.500000000000000052e-03
9.903999999999999609e-03 9.749999999999999552e-04 -3.749999999999999861e-03
1.000000000000000021e-02 -0.000000000000000000e+00 -5.000000000000000104e-03
9.808000000000000745e-03 1.951000000000000043e-03 -2.500000000000000052e-03
9.808000000000000745e-03 1.951000000000000043e-03 2.500000000000000052e-03
9.523000000000000215e-03 2.889000000000000075e-03 1.250000000000000026e-03
9.808000000000000745e-03 1.951000000000000043e-03 0.000000000000000000e+00
9.239000000000000684e-03 3.827000000000000107e-03 2.500000000000000052e-03
9.903999999999999609e-03 9.749999999999999552e-04 3.749999999999999861e-03
9.523000000000000215e-03 2.889000000000000075e-03 -3.749999999999999861e-03
9.808000000000000745e-03 1.951000000000000043e-03 -5.000000000000000104e-03
9.239000000000000684e-03 3.827000000000000107e-03 -2.500000000000000052e-03
9.808000000000000745e-03 -1.951000000000000043e-03 -2.500000000000000052e-03
9.903999999999999609e-03 -9.749999999999999552e-04 -3.749999999999999861e-03
9.808000000000000745e-03 -1.951000000000000043e-03 -5.000000000000000104e-03
9.239000000000000684e-03 -3.827000000000000107e-03 2.500000000000000052e-03
9.523000000000000215e-03 -2.889000000000000075e-03 1.250000000000000026e-03
9.239000000000000684e-03 -3.827000000000000107e-03 0.000000000000000000e+00
9.523000000000000215e-03 -2.889000000000000075e-03 -3.749999999999999861e-03
9.239000000000000684e-03 -3.827000000000000107e-03 -5.000000000000000104e-03
9.239000000000000684e-03 -3.827000000000000107e-03 -2.500000000000000052e-03
8.314999999999999475e-03 -5.556000000000000175e-03 0.000000000000000000e+00
8.777000000000000079e-03 -4.690999999999999857e-03 -1.250000000000000026e-03
8.314999999999999475e-03 -5.556000000000000175e-03 -2.500000000000000052e-03
8.314999999999999475e-03 5.556000000000000175e-03 2.500000000000000052e-03
8.777000000000000079e-03 4.690999999999999857e-03 1.250000000000000026e-03
8.314999999999999475e-03 5.556000000000000175e-03 0.000000000000000000e+00
8.777000000000000079e-03 4.690999999999999857e-03 -3.749999999999999861e-03
9.239000000000000684e-03 3.827000000000000107e-03 -5.000000000000000104e-03
8.314999999999999475e-03 5.556000000000000175e-03 -2.500000000000000052e-03
8.777000000000000079e-03 -4.690999999999999857e-03 1.250000000000000026e-03
8.314999999999999475e-03 -5.556000000000000175e-03 2.500000000000000052e-03
7.693000000000000185e-03 6.313000000000000035e-03 1.250000000000000026e-03
7.071000000000000028e-03 7.071000000000000028e-03 2.500000000000000052e-03
7.693000000000000185e-03 6.313000000000000035e-03 -3.749999999999999861e-03
8.314999999999999475e-03 5.556000000000000175e-03 -5.000000000000000104e-03
7.071000000000000028e-03 7.071000000000000028e-03 -2.500000000000000052e-03
6.313000000000000035e-03 7.693000000000000185e-03 1.250000000000000026e-03
7.071000000000000028e-03 7.071000000000000028e-03 0.000000000000000000e+00
5.556000000000000175e-03 8.314999999999999475e-03 0.000000000000000000e+00
7.071000000000000028e-03 -7.071000000000000028e-03 2.500000000000000052e-03
7.693000000000000185e-03 -6.313000000000000035e-03 1.250000000000000026e-03
7.071000000000000028e-03 -7.071000000000000028e-03 0.000000000000000000e+00
5.556000000000000175e-03 -8.314999999999999475e-03 5.000000000000000104e-03
6.313000000000000035e-03 -7.693000000000000185e-03 3.749999999999999861e-03
5.556000000000000175e-03 -8.314999999999999475e-03 2.500000000000000052e-03
7.071000000000000028e-03 -7.071000000000000028e-03 -2.500000000000000052e-03
7.693000000000000185e-03 -6.313000000000000035e-03 -3.749999999999999861e-03
5.556000000000000175e-03 8.314999999999999475e-03 2.500000000000000052e-03
4.690999999999999857e-03 8.777000000000000079e-03 1.250000000000000026e-03
3.827000000000000107e-03 9.239000000000000684e-03 0.000000000000000000e+00
6.313000000000000035e-03 7.693000000000000185e-03 -1.250000000000000026e-03
3.827000000000000107e-03 -9.239000000000000684e-03 -2.500000000000000052e-03
4.690999999999999857e-03 -8.777000000000000079e-03 -1.250000000000000026e-03
5.556000000000000175e-03 -8.314999999999999475e-03 -2.500000000000000052e-03
5.556000000000000175e-03 -8.314999999999999475e-03 0.000000000000000000e+00
6.313000000000000035e-03 -7.693000000000000185e-03 -3.749999999999999861e-03
5.556000000000000175e-03 -8.314999999999999475e-03 -5.000000000000000104e-03
3.827000000000000107e-03 -9.239000000000000684e-03 2.500000000000000052e-03
4.690999999999999857e-03 -8.777000000000000079e-03 1.250000000000000026e-03
3.827000000000000107e-03 -9.239000000000000684e-03 0.000000000000000000e+00
2.889000000000000075e-03 -9.523000000000000215e-03 -1.250000000000000026e-03
1.951000000000000043e-03 -9.808000000000000745e-03 -2.500000000000000052e-03
1.951000000000000043e-03 -9.808000000000000745e-03 0.000000000000000000e+00
3.827000000000000107e-03 9.239000000000000684e-03 2.500000000000000052e-03
2.889000000000000075e-03 9.523000000000000215e-03 1.250000000000000026e-03
1.951000000000000043e-03 9.808000000000000745e-03 2.500000000000000052e-03
4.690999999999999857e-03 8.777000000000000079e-03 -1.250000000000000026e-03
5.556000000000000175e-03 8.314999999999999475e-03 -2.500000000000000052e-03
3.827000000000000107e-03 9.239000000000000684e-03 -2.500000000000000052e-03
2.889000000000000075e-03 9.523000000000000215e-03 -3.749999999999999861e-03
3.827000000000000107e-03 9.239000000000000684e-03 -5.000000000000000104e-03
1.951000000000000043e-03 9.808000000000000745e-03 -2.500000000000000052e-03
9.749999999999999552e-04 9.903999999999999609e-03 1.250000000000000026e-03
1.951000000000000043e-03 9.808000000000000745e-03 0.000000000000000000e+00
0.000000000000000000e+00 1.000000000000000021e-02 2.500000000000000052e-03
9.749999999999999552e-04 9.903999999999999609e-03 -3.749999999999999861e-03
1.951000000000000043e-03 9.808000000000000745e-03 -5.000000000000000104e-03
0.000000000000000000e+00 1.000000000000000021e-02 -2.500000000000000052e-03
2.889000000000000075e-03 -9.523000000000000215e-03 1.250000000000000026e-03
1.951000000000000043e-03 -9.808000000000000745e-03 2.500000000000000052e-03
-0.000000000000000000e+00 -1.000000000000000021e-02 2.500000000000000052e-03
9.749999999999999552e-04 -9.903999999999999609e-03 3.749999999999999861e-03
1.951000000000000043e-03 -9.808000000000000745e-03 5.000000000000000104e-03
9.749999999999999552e-04 -9.903999999999999609e-03 -1.250000000000000026e-03
-0.000000000000000000e+00 -1.000000000000000021e-02 -2.500000000000000052e-03
-0.000000000000000000e+00 -1.000000000000000021e-02 0.000000000000000000e+00
-1.951000000000000043e-03 9.808000000000000745e-03 0.000000000000000000e+00
-9.749999999999999552e-04 9.903999999999999609e-03 1.250000000000000026e-03
-1.951000000000000043e-03 9.808000000000000745e-03 2.500000000000000052e-03
-1.951000000000000043e-03 9.808000000000000745e-03 -2.500000000000000052e-03
-9.749999999999999552e-04 9.903999999999999609e-03 -3.749999999999999861e-03
0.000000000000000000e+00 1.000000000000000021e-02 -5.000000000000000104e-03
-9.749999999999999552e-04 -9.903999999999999609e-03 3.749999999999999861e-03
-1.951000000000000043e-03 -9.808000000000000745e-03 5.000000000000000104e-03
-1.951000000000000043e-03 -9.808000000000000745e-03 2.500000000000000052e-03
-1.951000000000000043e-03 -9.808000000000000745e-03 0.000000000000000000e+00
-9.749999999999999552e-04 -9.903999999999999609e-03 -1.250000000000000026e-03
-1.951000000000000043e-03 -9.808000000000000745e-03 -2.500000000000000052e-03
-3.827000000000000107e-03 9.239000000000000684e-03 0.000000000000000000e+00
-2.889000000000000075e-03 9.523000000000000215e-03 1.250000000000000026e-03
-3.827000000000000107e-03 9.239000000000000684e-03 2.500000000000000052e-03
-3.827000000000000107e-03 9.239000000000000684e-03 -5.000000000000000104e-03
-2.889000000000000075e-03 9.523000000000000215e-03 -3.749999999999999861e-03
-3.827000000000000107e-03 9.239000000000000684e-03 -2.500000000000000052e-03
-3.827000000000000107e-03 -9.239000000000000684e-03 2.500000000000000052e-03
-2.889000000000000075e-03 -9.523000000000000215e-03 3.749999999999999861e-03
-5.556000000000000175e-03 8.314999999999999475e-03 0.000000000000000000e+00
-4.690999999999999857e-03 8.777000000000000079e-03 1.250000000000000026e-03
-5.556000000000000175e-03 8.314999999999999475e-03 2.500000000000000052e-03
-5.556000000000000175e-03 8.314999999999999475e-03 -5.000000000000000104e-03
-4.690999999999999857e-03 8.777000000000000079e-03 -3.749999999999999861e-03
-5.556000000000000175e-03 8.314999999999999475e-03 -2.500000000000000052e-03
-5.556000000000000175e-03 -8.314999999999999475e-03 -2.500000000000000052e-03
-4.690999999999999857e-03 -8.777000000000000079e-03 -1.250000000000000026e-03
-3.827000000000000107e-03 -9.239000000000000684e-03 -2.500000000000000052e-03
-3.827000000000000107e-03 -9.239000000000000684e-03 0.000000000000000000e+00
-3.827000000000000107e-03 -9.239000000000000684e-03 -5.000000000000000104e-03
-2.889000000000000075e-03 -9.523000000000000215e-03 -3.749999999999999861e-03
-1.951000000000000043e-03 -9.808000000000000745e-03 -5.000000000000000104e-03
-7.071000000000000028e-03 7.071000000000000028e-03 2.500000000000000052e-03
-6.313000000000000035e-03 7.693000000000000185e-03 1.250000000000000026e-03
-7.071000000000000028e-03 7.071000000000000028e-03 -2.500000000000000052e-03
-6.313000000000000035e-03 7.693000000000000185e-03 -3.749999999999999861e-03
-4.690999999999999857e-03 -8.777000000000000079e-03 1.250000000000000026e-03
-5.556000000000000175e-03 -8.314999999999999475e-03 2.500000000000000052e-03
-5.556000000000000175e-03 -8.314999999999999475e-03 0.000000000000000000e+00
-7.071000000000000028e-03 -7.071000000000000028e-03 -2.500000000000000052e-03
-6.313000000000000035e-03 -7.693000000000000185e-03 -1.250000000000000026e-03
-6.313000000000000035e-03 -7.693000000000000185e-03 1.250000000000000026e-03
-7.071000000000000028e-03 -7.071000000000000028e-03 2.500000000000000052e-03
-7.071000000000000028e-03 -7.071000000000000028e-03 0.000000000000000000e+00
-8.314999999999999475e-03 5.556000000000000175e-03 2.500000000000000052e-03
-7.693000000000000185e-03 6.313000000000000035e-03 1.250000000000000026e-03
-7.071000000000000028e-03 7.071000000000000028e-03 0.000000000000000000e+00
-8.314999999999999475e-03 5.556000000000000175e-03 -2.500000000000000052e-03
-7.693000000000000185e-03 6.313000000000000035e-03 -3.749999999999999861e-03
-7.071000000000000028e-03 7.071000000000000028e-03 -5.000000000000000104e-03
-7.693000000000000185e-03 -6.313000000000000035e-03 1.250000000000000026e-03
-8.314999999999999475e-03 -5.556000000000000175e-03 2.500000000000000052e-03
-7.693000000000000185e-03 -6.313000000000000035e-03 -3.749999999999999861e-03
-8.314999999999999475e-03 -5.556000000000000175e-03 -2.500000000000000052e-03
-7.071000000000000028e-03 -7.071000000000000028e-03 -5.000000000000000104e-03
-9.239000000000000684e-03 3.827000000000000107e-03 2.500000000000000052e-03
-8.777000000000000079e-03 4.690999999999999857e-03 1.250000000000000026e-03
-8.314999999999999475e-03 5.556000000000000175e-03 0.000000000000000000e+00
-9.239000000000000684e-03 3.827000000000000107e-03 -2.500000000000000052e-03
-8.777000000000000079e-03 4.690999999999999857e-03 -3.749999999999999861e-03
-8.314999999999999475e-03 5.556000000000000175e-03 -5.000000000000000104e-03
-9.808000000000000745e-03 1.951000000000000043e-03 2.500000000000000052e-03
-9.523000000000000215e-03 2.889000000000000075e-03 1.250000000000000026e-03
-9.239000000000000684e-03 3.827000000000000107e-03 0.000000000000000000e+00
-9.808000000000000745e-03 1.951000000000000043e-03 -2.500000000000000052e-03
-9.523000000000000215e-03 2.889000000000000075e-03 -3.749999999999999861e-03
-8.777000000000000079e-03 -4.690999999999999857e-03 1.250000000000000026e-03
-9.239000000000000684e-03 -3.827000000000000107e-03 2.500000000000000052e-03
-8.314999999999999475e-03 -5.556000000000000175e-03 0.000000000000000000e+00
-8.777000000000000079e-03 -4.690999999999999857e-03 -3.749999999999999861e-03
-9.239000000000000684e-03 -3.827000000000000107e-03 -2.500000000000000052e-03
-8.314999999999999475e-03 -5.556000000000000175e-03 -5.000000000000000104e-03
-1.000000000000000021e-02 0.000000000000000000e+00 2.500000000000000052e-03
-9.903999999999999609e-03 9.749999999999999552e-04 1.250000000000000026e-03
-9.808000000000000745e-03 1.951000000000000043e-03 0.000000000000000000e+00
-9.523000000000000215e-03 -2.889000000000000075e-03 1.250000000000000026e-03
-9.808000000000000745e-03 -1.951000000000000043e-03 2.500000000000000052e-03
-9.808000000000000745e-03 -1.951000000000000043e-03 0.000000000000000000e+00
-9.523000000000000215e-03 -2.889000000000000075e-03 -3.749999999999999861e-03
-9.808000000000000745e-03 -1.951000000000000043e-03 -2.500000000000000052e-03
-9.808000000000000745e-03 -1.951000000000000043e-03 -5.000000000000000104e-03
-9.903999999999999609e-03 -9.749999999999999552e-04 1.250000000000000026e-03
-1.000000000000000021e-02 0.000000000000000000e+00 0.000000000000000000e+00
-9.903999999999999609e-03 9.749999999999999552e-04 -1.250000000000000026e-03
-1.000000000000000021e-02 0.000000000000000000e+00 -2.500000000000000052e-03
-9.903999999999999609e-03 -9.749999999999999552e-04 -3.749999999999999861e-03
-1.000000000000000021e-02 0.000000000000000000e+00 -5.000000000000000104e-03
-1.000000000000000021e-02 0.000000000000000000e+00 1.000000000000000021e-02
-8.777000000000000079e-03 4.690999999999999857e-03 -6.250000000000000347e-03
-9.239000000000000684e-03 3.827000000000000107e-03 -1.000000000000000021e-02
-8.777000000000000079e-03 4.690999999999999857e-03 8.750000000000000833e-03
-8.777000000000000079e-03 4.690999999999999857e-03 3.749999999999999861e-03
-8.777000000000000079e-03 4.690999999999999857e-03 -1.250000000000000026e-03
-7.693000000000000185e-03 -6.313000000000000035e-03 -6.250000000000000347e-03
-8.314999999999999475e-03 -5.556000000000000175e-03 5.000000000000000104e-03
-7.693000000000000185e-03 -6.313000000000000035e-03 6.250000000000000347e-03
-5.556000000000000175e-03 -8.314999999999999475e-03 -5.000000000000000104e-03
-6.313000000000000035e-03 -7.693000000000000185e-03 -6.250000000000000347e-03
-6.313000000000000035e-03 -7.693000000000000185e-03 8.750000000000000833e-03
-7.071000000000000028e-03 -7.071000000000000028e-03 1.000000000000000021e-02
-5.556000000000000175e-03 -8.314999999999999475e-03 1.000000000000000021e-02
-0.000000000000000000e+00 -1.000000000000000021e-02 -5.000000000000000104e-03
-9.749999999999999552e-04 -9.903999999999999609e-03 -6.250000000000000347e-03
-9.749999999999999552e-04 -9.903999999999999609e-03 6.250000000000000347e-03
4.690999999999999857e-03 -8.777000000000000079e-03 -6.250000000000000347e-03
3.827000000000000107e-03 -9.239000000000000684e-03 -5.000000000000000104e-03
4.690999999999999857e-03 -8.777000000000000079e-03 6.250000000000000347e-03
4.690999999999999857e-03 -8.777000000000000079e-03 3.749999999999999861e-03
3.827000000000000107e-03 -9.239000000000000684e-03 5.000000000000000104e-03
4.690999999999999857e-03 -8.777000000000000079e-03 -3.749999999999999861e-03
-9.749999999999999552e-04 -9.903999999999999609e-03 1.250000000000000026e-03
-9.749999999999999552e-04 -9.903999999999999609e-03 -3.749999999999999861e-03
-6.313000000000000035e-03 -7.693000000000000185e-03 3.749999999999999861e-03
-6.313000000000000035e-03 -7.693000000000000185e-03 -3.749999999999999861e-03
-7.693000000000000185e-03 -6.313000000000000035e-03 3.749999999999999861e-03
-7.693000000000000185e-03 -6.313000000000000035e-03 -1.250000000000000026e-03
-9.749999999999999552e-04 9.903999999999999609e-03 -6.250000000000000347e-03
-1.951000000000000043e-03 9.808000000000000745e-03 -5.000000000000000104e-03
-9.749999999999999552e-04 9.903999999999999609e-03 8.750000000000000833e-03
0.000000000000000000e+00 1.000000000000000021e-02 1.000000000000000021e-02
9.808000000000000745e-03 -1.951000000000000043e-03 1.000000000000000021e-02
9.523000000000000215e-03 -2.889000000000000075e-03 -6.250000000000000347e-03
9.239000000000000684e-03 -3.827000000000000107e-03 1.000000000000000021e-02
9.523000000000000215e-03 -2.889000000000000075e-03 8.750000000000000833e-03
9.523000000000000215e-03 -2.889000000000000075e-03 3.749999999999999861e-03
9.808000000000000745e-03 -1.951000000000000043e-03 0.000000000000000000e+00
9.523000000000000215e-03 -2.889000000000000075e-03 -1.250000000000000026e-03
-9.749999999999999552e-04 9.903999999999999609e-03 3.749999999999999861e-03
0.000000000000000000e+00 1.000000000000000021e-02 0.000000000000000000e+00
-9.749999999999999552e-04 9.903999999999999609e-03 -1.250000000000000026e-03
-7.693000000000000185e-03 6.313000000000000035e-03 -6.250000000000000347e-03
-7.693000000000000185e-03 6.313000000000000035e-03 8.750000000000000833e-03
9.749999999999999552e-04 9.903999999999999609e-03 -6.250000000000000347e-03
1.951000000000000043e-03 9.808000000000000745e-03 1.000000000000000021e-02
9.749999999999999552e-04 9.903999999999999609e-03 8.750000000000000833e-03
2.889000000000000075e-03 9.523000000000000215e-03 -6.250000000000000347e-03
2.889000000000000075e-03 9.523000000000000215e-03 8.750000000000000833e-03
4.690999999999999857e-03 8.777000000000000079e-03 -6.250000000000000347e-03
5.556000000000000175e-03 8.314999999999999475e-03 -5.000000000000000104e-03
4.690999999999999857e-03 8.777000000000000079e-03 8.750000000000000833e-03
6.313000000000000035e-03 7.693000000000000185e-03 -6.250000000000000347e-03
7.071000000000000028e-03 7.071000000000000028e-03 -5.000000000000000104e-03
7.071000000000000028e-03 7.071000000000000028e-03 1.000000000000000021e-02
6.313000000000000035e-03 7.693000000000000185e-03 8.750000000000000833e-03
7.693000000000000185e-03 6.313000000000000035e-03 -6.250000000000000347e-03
8.314999999999999475e-03 5.556000000000000175e-03 1.000000000000000021e-02
7.693000000000000185e-03 6.313000000000000035e-03 8.750000000000000833e-03
8.777000000000000079e-03 -4.690999999999999857e-03 -6.250000000000000347e-03
8.777000000000000079e-03 -4.690999999999999857e-03 6.250000000000000347e-03
8.777000000000000079e-03 4.690999999999999857e-03 -6.250000000000000347e-03
8.777000000000000079e-03 4.690999999999999857e-03 8.750000000000000833e-03
9.903999999999999609e-03 -9.749999999999999552e-04 -6.250000000000000347e-03
9.903999999999999609e-03 -9.749999999999999552e-04 8.750000000000000833e-03
9.523000000000000215e-03 2.889000000000000075e-03 -6.250000000000000347e-03
9.808000000000000745e-03 1.951000000000000043e-03 1.000000000000000021e-02
9.523000000000000215e-03 2.889000000000000075e-03 8.750000000000000833e-03
9.903999999999999609e-03 -9.749999999999999552e-04 1.250000000000000026e-03
1.000000000000000021e-02 -0.000000000000000000e+00 0.000000000000000000e+00
9.523000000000000215e-03 2.889000000000000075e-03 3.749999999999999861e-03
9.239000000000000684e-03 3.827000000000000107e-03 0.000000000000000000e+00
9.523000000000000215e-03 2.889000000000000075e-03 -1.250000000000000026e-03
9.903999999999999609e-03 -9.749999999999999552e-04 -1.250000000000000026e-03
8.777000000000000079e-03 4.690999999999999857e-03 3.749999999999999861e-03
8.777000000000000079e-03 4.690999999999999857e-03 -1.250000000000000026e-03
8.777000000000000079e-03 -4.690999999999999857e-03 3.749999999999999861e-03
8.314999999999999475e-03 -5.556000000000000175e-03 5.000000000000000104e-03
8.777000000000000079e-03 -4.690999999999999857e-03 -3.749999999999999861e-03
7.693000000000000185e-03 6.313000000000000035e-03 3.749999999999999861e-03
7.693000000000000185e-03 6.313000000000000035e-03 -1.250000000000000026e-03
6.313000000000000035e-03 7.693000000000000185e-03 3.749999999999999861e-03
6.313000000000000035e-03 7.693000000000000185e-03 -3.749999999999999861e-03
4.690999999999999857e-03 8.777000000000000079e-03 3.749999999999999861e-03
4.690999999999999857e-03 8.777000000000000079e-03 -3.749999999999999861e-03
2.889000000000000075e-03 9.523000000000000215e-03 3.749999999999999861e-03
2.889000000000000075e-03 9.523000000000000215e-03 -1.250000000000000026e-03
9.749999999999999552e-04 9.903999999999999609e-03 3.749999999999999861e-03
9.749999999999999552e-04 9.903999999999999609e-03 -1.250000000000000026e-03
-7.693000000000000185e-03 6.313000000000000035e-03 3.749999999999999861e-03
-7.693000000000000185e-03 6.313000000000000035e-03 -1.250000000000000026e-03
-9.903999999999999609e-03 -9.749999999999999552e-04 -6.250000000000000347e-03
9.749999999999999552e-04 -9.903999999999999609e-03 -3.749999999999999861e-03
1.951000000000000043e-03 -9.808000000000000745e-03 -5.000000000000000104e-03
9.749999999999999552e-04 -9.903999999999999609e-03 1.250000000000000026e-03
2.889000000000000075e-03 -9.523000000000000215e-03 -3.749999999999999861e-03
-0.000000000000000000e+00 -1.000000000000000021e-02 1.000000000000000021e-02
-2.889000000000000075e-03 -9.523000000000000215e-03 1.250000000000000026e-03
-9.239000000000000684e-03 3.827000000000000107e-03 1.000000000000000021e-02
6.313000000000000035e-03 -7.693000000000000185e-03 6.250000000000000347e-03
-9.903999999999999609e-03 -9.749999999999999552e-04 3.749999999999999861e-03
-9.523000000000000215e-03 -2.889000000000000075e-03 -6.250000000000000347e-03
6.313000000000000035e-03 -7.693000000000000185e-03 -8.750000000000000833e-03
7.071000000000000028e-03 -7.071000000000000028e-03 -1.000000000000000021e-02
-9.239000000000000684e-03 -3.827000000000000107e-03 0.000000000000000000e+00
-9.523000000000000215e-03 -2.889000000000000075e-03 3.749999999999999861e-03
-9.903999999999999609e-03 9.749999999999999552e-04 -6.250000000000000347e-03
-9.808000000000000745e-03 1.951000000000000043e-03 -5.000000000000000104e-03
7.693000000000000185e-03 -6.313000000000000035e-03 -8.750000000000000833e-03
-9.903999999999999609e-03 9.749999999999999552e-04 3.749999999999999861e-03
-9.239000000000000684e-03 -3.827000000000000107e-03 -5.000000000000000104e-03
-8.777000000000000079e-03 -4.690999999999999857e-03 -6.250000000000000347e-03
-8.777000000000000079e-03 -4.690999999999999857e-03 3.749999999999999861e-03
-9.523000000000000215e-03 2.889000000000000075e-03 3.749999999999999861e-03
2.889000000000000075e-03 -9.523000000000000215e-03 6.250000000000000347e-03
-9.903999999999999609e-03 9.749999999999999552e-04 -3.749999999999999861e-03
-4.690999999999999857e-03 -8.777000000000000079e-03 -6.250000000000000347e-03
-4.690999999999999857e-03 -8.777000000000000079e-03 3.749999999999999861e-03
-6.313000000000000035e-03 7.693000000000000185e-03 -6.250000000000000347e-03
9.903999999999999609e-03 9.749999999999999552e-04 1.250000000000000026e-03
-6.313000000000000035e-03 7.693000000000000185e-03 3.749999999999999861e-03
-2.889000000000000075e-03 -9.523000000000000215e-03 -6.250000000000000347e-03
-4.690999999999999857e-03 8.777000000000000079e-03 -6.250000000000000347e-03
-4.690999999999999857e-03 8.777000000000000079e-03 3.749999999999999861e-03
-2.889000000000000075e-03 9.523000000000000215e-03 -6.250000000000000347e-03
-2.889000000000000075e-03 9.523000000000000215e-03 3.749999999999999861e-03
9.749999999999999552e-04 -9.903999999999999609e-03 -6.250000000000000347e-03
-9.808000000000000745e-03 -1.951000000000000043e-03 1.000000000000000021e-02
2.889000000000000075e-03 -9.523000000000000215e-03 -6.250000000000000347e-03
2.889000000000000075e-03 -9.523000000000000215e-03 3.749999999999999861e-03
-4.690999999999999857e-03 -8.777000000000000079e-03 -3.749999999999999861e-03
7.693000000000000185e-03 -6.313000000000000035e-03 3.749999999999999861e-03
-9.523000000000000215e-03 2.889000000000000075e-03 -8.750000000000000833e-03
9.903999999999999609e-03 9.749999999999999552e-04 -6.250000000000000347e-03
-9.903999999999999609e-03 -9.749999999999999552e-04 -1.250000000000000026e-03
-4.690999999999999857e-03 8.777000000000000079e-03 -1.250000000000000026e-03
6.313000000000000035e-03 -7.693000000000000185e-03 1.250000000000000026e-03
1.951000000000000043e-03 -9.808000000000000745e-03 1.000000000000000021e-02
-5.556000000000000175e-03 8.314999999999999475e-03 1.000000000000000021e-02
-3.827000000000000107e-03 9.239000000000000684e-03 1.000000000000000021e-02
-6.313000000000000035e-03 7.693000000000000185e-03 -1.250000000000000026e-03
-2.889000000000000075e-03 9.523000000000000215e-03 -1.250000000000000026e-03
-2.889000000000000075e-03 -9.523000000000000215e-03 -1.250000000000000026e-03
-9.239000000000000684e-03 -3.827000000000000107e-03 1.000000000000000021e-02
-8.777000000000000079e-03 -4.690999999999999857e-03 -1.250000000000000026e-03
-9.523000000000000215e-03 2.889000000000000075e-03 -1.250000000000000026e-03
1.000000000000000021e-02 -0.000000000000000000e+00 1.000000000000000021e-02
-9.523000000000000215e-03 -2.889000000000000075e-03 -1.250000000000000026e-03
-9.903999999999999609e-03 -9.749999999999999552e-04 8.750000000000000833e-03
-9.523000000000000215e-03 -2.889000000000000075e-03 8.750000000000000833e-03
-9.903999999999999609e-03 9.749999999999999552e-04 8.750000000000000833e-03
-8.777000000000000079e-03 -4.690999999999999857e-03 8.750000000000000833e-03
-9.523000000000000215e-03 2.889000000000000075e-03 8.750000000000000833e-03
-4.690999999999999857e-03 -8.777000000000000079e-03 8.750000000000000833e-03
-6.313000000000000035e-03 7.693000000000000185e-03 8.750000000000000833e-03
-4.690999999999999857e-03 8.777000000000000079e-03 8.750000000000000833e-03
-2.889000000000000075e-03 -9.523000000000000215e-03 8.750000000000000833e-03
-2.889000000000000075e-03 9.523000000000000215e-03 8.750000000000000833e-03
-1.951000000000000043e-03 9.808000000000000745e-03 1.000000000000000021e-02
9.749999999999999552e-04 -9.903999999999999609e-03 8.750000000000000833e-03
7.693000000000000185e-03 -6.313000000000000035e-03 8.750000000000000833e-03
9.903999999999999609e-03 9.749999999999999552e-04 8.750000000000000833e-03
9.903999999999999609e-03 9.749999999999999552e-04 -1.250000000000000026e-03
6.313000000000000035e-03 -7.693000000000000185e-03 -1.250000000000000026e-03
7.693000000000000185e-03 -6.313000000000000035e-03 -1.250000000000000026e-03
